0.000000  1.237651e+00  0.000000e+00
0.062709  -8.306221e-01  -9.594395e-01
0.125418  -1.771759e-01  1.224654e+00
0.188127  1.068909e+00  -6.849648e-01
0.250837  -1.185908e+00  -3.504765e-01
0.313546  5.253186e-01  1.156988e+00
0.376255  5.160295e-01  -1.122140e+00
0.438964  -1.222203e+00  3.547912e-01
0.501673  1.034477e+00  6.699616e-01
0.564382  -1.766496e-01  -1.263873e+00
0.627091  -8.080456e-01  9.243208e-01
0.689801  1.282802e+00  6.217365e-03
0.752510  -7.927084e-01  -9.246003e-01
0.815219  -1.921451e-01  1.284237e+00
0.877928  1.004293e+00  -6.367240e-01
0.940637  -1.309723e+00  -3.939584e-01
1.003346  2.273922e-01  5.073168e-01
1.066055  -4.501396e-02  9.665284e-02
1.128764  -5.415676e-02  1.544046e-02
1.191474  -3.119948e-02  -2.041980e-02
1.254183  -3.665289e-03  -2.718118e-02
1.316892  1.418800e-02  -1.607174e-02
1.379601  1.743371e-02  1.690349e-04
1.442310  9.436039e-03  1.111389e-02
1.505019  -1.900747e-03  1.230155e-02
1.567728  -9.148254e-03  5.738369e-03
1.630438  -9.074292e-03  -2.777504e-03
1.693147  -3.409735e-03  -7.706338e-03
1.755856  3.220260e-03  -6.827644e-03
1.818565  6.560419e-03  -1.836092e-03
1.881274  5.160586e-03  3.413399e-03
1.943983  7.281049e-04  5.603635e-03
2.006692  -3.450494e-03  3.871051e-03
2.069402  -4.779393e-03  -6.901529e-05
2.132111  -2.845628e-03  -3.385164e-03
2.194820  6.468082e-04  -4.054356e-03
2.257529  3.248988e-03  -2.016692e-03
2.320238  3.410334e-03  1.061946e-03
2.382947  1.338547e-03  3.065198e-03
2.445656  -1.352993e-03  2.833377e-03
2.508365  -2.848379e-03  7.823598e-04
2.571074  -2.315098e-03  -1.547194e-03
2.633784  -3.262319e-04  -2.609659e-03
2.696493  1.664650e-03  -1.849372e-03
2.759202  2.357710e-03  4.568856e-05
2.821911  1.432045e-03  1.720102e-03
2.884620  -3.450958e-04  2.099268e-03
2.947330  -1.725679e-03  1.059372e-03
3.010038  -1.839843e-03  -5.824842e-04
3.072748  -7.287536e-04  -1.690985e-03
3.135457  7.656066e-04  -1.583621e-03
3.198166  1.624192e-03  -4.376195e-04
3.260875  1.334331e-03  9.012894e-04
3.323584  1.841159e-04  1.531904e-03
3.386293  -9.952797e-04  1.095025e-03
3.449003  -1.420023e-03  -3.425984e-05
3.511712  -8.680346e-04  -1.052992e-03
3.574421  2.191308e-04  -1.293762e-03
3.637130  1.079063e-03  -6.553594e-04
3.699839  1.157348e-03  3.725791e-04
3.762548  4.584044e-04  1.078167e-03
3.825258  -4.966345e-04  1.014610e-03
3.887966  -1.053944e-03  2.786261e-04
3.950676  -8.692076e-04  -5.932670e-04
4.013385  -1.165384e-04  -1.010005e-03
4.076094  6.645676e-04  -7.243262e-04
4.138803  9.501327e-04  2.771069e-05
4.201512  5.814462e-04  7.122283e-04
4.264221  -1.528247e-04  8.771935e-04
4.326931  -7.393357e-04  4.439734e-04
4.389640  -7.943014e-04  -2.600557e-04
4.452349  -3.135514e-04  -7.471985e-04
4.515058  3.488225e-04  -7.043251e-04
4.577767  7.383502e-04  -1.913627e-04
4.640476  6.094679e-04  4.203654e-04
4.703186  7.886981e-05  7.147682e-04
4.765894  -4.748310e-04  5.124195e-04
4.828603  -6.786078e-04  -2.286819e-05
4.891313  -4.149529e-04  -5.133310e-04
4.954022  1.133255e-04  -6.320510e-04
5.016731  5.370017e-04  -3.189616e-04
5.079440  5.770452e-04  1.918176e-04
5.142149  2.263647e-04  5.468767e-04
5.204858  -2.584072e-04  5.150989e-04
5.267568  -5.442959e-04  1.386138e-04
5.330276  -4.486092e-04  -3.127511e-04
5.392986  -5.627032e-05  -5.309045e-04
5.455695  3.551488e-04  -3.790749e-04
5.518404  5.072938e-04  1.934476e-05
5.581113  3.086875e-04  3.861695e-04
5.643822  -8.725309e-05  4.750710e-04
5.706532  -4.060590e-04  2.383650e-04
5.769240  -4.361213e-04  -1.471601e-04
5.831950  -1.694733e-04  -4.155631e-04
5.894659  1.985655e-04  -3.915195e-04
5.957368  4.156567e-04  -1.032130e-04
6.020077  3.427826e-04  2.409449e-04
6.082786  4.069725e-05  4.069440e-04
6.145495  -2.747181e-04  2.910776e-04
6.208204  -3.904794e-04  -1.704415e-05
6.270914  -2.377801e-04  -2.998403e-04
6.333623  6.967009e-05  -3.672913e-04
6.396332  3.164431e-04  -1.839649e-04
6.459041  3.385729e-04  1.163179e-04
6.521750  1.308137e-04  3.249375e-04
6.584460  -1.567145e-04  3.052054e-04
6.647168  -3.259974e-04  7.930138e-05
6.709877  -2.681717e-04  -1.904055e-04
6.772587  -3.045049e-05  -3.201617e-04
6.835296  2.176559e-04  -2.284304e-04
6.898005  3.079521e-04  1.512762e-05
6.960714  1.872602e-04  2.381648e-04
7.023424  -5.687746e-05  2.902280e-04
7.086132  -2.520484e-04  1.455005e-04
7.148841  -2.680424e-04  -9.399230e-05
7.211551  -1.034155e-04  -2.594821e-04
7.274260  1.259441e-04  -2.422493e-04
7.336969  2.609575e-04  -6.251769e-05
7.399678  2.133768e-04  1.534063e-04
7.462388  2.339243e-05  2.566992e-04
7.525096  -1.754220e-04  1.820253e-04
7.587806  -2.477409e-04  -1.313382e-05
7.650515  -1.491124e-04  -1.920697e-04
7.713223  4.659014e-05  -2.341236e-04
7.775933  2.034865e-04  -1.156469e-04
7.838642  2.166352e-04  7.665341e-05
7.901351  8.205164e-05  2.098788e-04
7.964060  -1.029360e-04  1.959774e-04
8.026770  -2.114649e-04  4.935263e-05
8.089478  -1.724582e-04  -1.252293e-04
8.152187  -1.801554e-05  -2.085017e-04
8.214897  1.432160e-04  -1.471627e-04
8.277606  2.013575e-04  1.160194e-05
8.340316  1.206942e-04  1.569966e-04
8.403024  -3.897594e-05  1.906105e-04
8.465734  -1.664457e-04  9.344550e-05
8.528442  -1.764570e-04  -6.340624e-05
8.591151  -6.634115e-05  -1.717872e-04
8.653861  8.496411e-05  -1.596574e-04
8.716570  1.731191e-04  -3.955575e-05
8.779280  1.407508e-04  1.032205e-04
8.841989  1.380934e-05  1.708369e-04
8.904697  -1.179688e-04  1.201105e-04
8.967407  -1.651078e-04  -1.035588e-05
9.030115  -9.841436e-05  -1.292572e-04
9.092825  3.270350e-05  -1.562830e-04
9.155534  1.370864e-04  -7.612326e-05
9.218244  1.447684e-04  5.282184e-05
9.280952  5.385433e-05  1.415753e-04
9.343661  -7.054797e-05  1.309922e-04
9.406371  -1.426685e-04  3.187034e-05
9.469079  -1.154774e-04  -8.549410e-05
9.531789  -1.073110e-05  -1.407387e-04
9.594498  9.767210e-05  -9.852373e-05
9.657207  1.360446e-04  9.183597e-06
9.719916  8.054259e-05  1.069318e-04
9.782625  -2.755710e-05  1.287687e-04
9.845335  -1.133955e-04  6.221037e-05
9.908044  -1.191653e-04  -4.414758e-05
9.970753  -4.387375e-05  -1.169293e-04
10.033462  5.870739e-05  -1.078081e-04
10.096170  1.177954e-04  -2.579226e-05
10.158880  9.489910e-05  7.099368e-05
10.221589  8.276218e-06  1.161221e-04
10.284298  -8.089105e-05  8.088089e-05
10.347008  -1.121952e-04  -8.119620e-06
10.409717  -6.600708e-05  -8.867790e-05
10.472426  2.328798e-05  -1.060147e-04
10.535135  9.370033e-05  -5.081760e-05
10.597845  9.811531e-05  3.688313e-05
10.660553  3.561133e-05  9.652735e-05
10.723262  -4.872327e-05  8.854564e-05
10.785972  -9.711590e-05  2.074708e-05
10.848680  -7.781553e-05  -5.884419e-05
10.911390  -6.387986e-06  -9.559369e-05
10.974099  6.691984e-05  -6.612632e-05
11.036809  9.217322e-05  7.135072e-06
11.099517  5.387016e-05  7.299777e-05
11.162226  -1.949036e-05  8.691933e-05
11.224936  -7.709929e-05  4.137708e-05
11.287644  -8.029877e-05  -3.055025e-05
11.350354  -2.867783e-05  -7.924634e-05
11.413063  4.030390e-05  -7.240280e-05
11.475773  7.951158e-05  -1.654764e-05
11.538481  6.322662e-05  4.835284e-05
11.601190  5.084670e-06  7.818253e-05
11.663899  -5.500337e-05  5.348975e-05
11.726608  -7.516537e-05  -5.893930e-06
11.789318  -4.339230e-05  -5.970218e-05
11.852027  1.606385e-05  -7.073296e-05
11.914737  6.280625e-05  -3.309600e-05
11.977445  6.509447e-05  2.495754e-05
12.040154  2.288084e-05  6.429642e-05
12.102863  -3.272837e-05  5.850175e-05
12.165572  -6.422237e-05  1.289752e-05
12.228282  -5.108249e-05  -3.910682e-05
12.290991  -3.362282e-06  -6.285598e-05
12.353701  4.416369e-05  -4.315891e-05
12.416409  6.001202e-05  5.550072e-06
12.479118  3.501395e-05  4.778296e-05
12.541827  -1.350243e-05  5.617028e-05
12.604537  -5.010183e-05  2.653204e-05
12.667246  -5.147100e-05  -2.040526e-05
12.729955  -1.812915e-05  -5.102429e-05
12.792665  2.624041e-05  -4.598998e-05
12.855372  5.077869e-05  -1.009963e-05
12.918082  3.993767e-05  3.104962e-05
12.980791  2.488490e-06  4.927554e-05
13.043501  -3.476319e-05  3.359904e-05
13.106210  -4.677849e-05  -4.538697e-06
13.168920  -2.701312e-05  -3.731291e-05
13.231628  1.075951e-05  -4.341499e-05
13.294336  3.869157e-05  -2.049802e-05
13.357046  3.927157e-05  1.610567e-05
13.419755  1.402233e-05  3.925472e-05
13.482465  -2.036362e-05  3.466919e-05
13.545174  -3.853565e-05  7.747539e-06
13.607883  -2.987606e-05  -2.372751e-05
13.670591  -1.876941e-06  -3.717305e-05
13.733300  2.617243e-05  -2.478643e-05
13.796010  3.489736e-05  3.229896e-06
13.858719  1.953868e-05  2.775170e-05
13.921429  -7.759654e-06  3.207994e-05
13.984138  -2.838258e-05  1.437585e-05
14.046847  -2.872987e-05  -1.143930e-05
14.109555  -9.521256e-06  -2.826080e-05
14.172264  1.435558e-05  -2.500592e-05
14.234974  2.728291e-05  -5.056848e-06
14.297683  2.111213e-05  1.664731e-05
14.360393  1.030466e-06  2.575116e-05
14.423101  -1.806549e-05  1.695880e-05
14.485811  -2.373744e-05  -2.329948e-06
14.548519  -1.303667e-05  -1.866426e-05
14.611229  5.188249e-06  -2.123545e-05
14.673938  1.865427e-05  -9.397335e-06
14.736647  1.835693e-05  7.566080e-06
14.799356  6.005284e-06  1.787228e-05
14.862065  -9.110528e-06  1.551180e-05
14.924775  -1.667030e-05  2.992084e-06
14.987483  -1.253978e-05  -9.976886e-06
15.050193  -5.650639e-07  -1.503571e-05
15.112902  1.033895e-05  -9.598967e-06
15.175611  1.306750e-05  1.384801e-06
15.238320  6.903705e-06  1.005730e-05
15.301030  -2.721941e-06  1.092056e-05
15.363739  -9.279232e-06  4.520390e-06
15.426447  -8.626543e-06  -3.559352e-06
15.489157  -2.696199e-06  -7.934632e-06
15.551866  3.810735e-06  -6.458057e-06
15.614575  6.437205e-06  -1.130624e-06
15.677284  4.361727e-06  3.487124e-06
15.739994  1.252010e-07  4.664942e-06
15.802703  -2.738290e-06  2.547634e-06
15.865411  -2.796673e-06  -2.756554e-07
15.928121  -1.025853e-06  -1.585867e-06
15.990829  2.076415e-07  -8.904464e-07
-16.053539  1.351897e-08  -2.736597e-08
-15.990829  2.076415e-07  8.904464e-07
-15.928121  -1.025853e-06  1.585867e-06
-15.865411  -2.796673e-06  2.756554e-07
-15.802703  -2.738290e-06  -2.547634e-06
-15.739994  1.252010e-07  -4.664942e-06
-15.677284  4.361727e-06  -3.487124e-06
-15.614575  6.437205e-06  1.130624e-06
-15.551866  3.810735e-06  6.458057e-06
-15.489157  -2.696199e-06  7.934632e-06
-15.426447  -8.626543e-06  3.559352e-06
-15.363739  -9.279232e-06  -4.520390e-06
-15.301030  -2.721941e-06  -1.092056e-05
-15.238320  6.903705e-06  -1.005730e-05
-15.175611  1.306750e-05  -1.384801e-06
-15.112902  1.033895e-05  9.598967e-06
-15.050193  -5.650639e-07  1.503571e-05
-14.987483  -1.253978e-05  9.976886e-06
-14.924775  -1.667030e-05  -2.992084e-06
-14.862065  -9.110528e-06  -1.551180e-05
-14.799356  6.005284e-06  -1.787228e-05
-14.736647  1.835693e-05  -7.566080e-06
-14.673938  1.865427e-05  9.397335e-06
-14.611229  5.188249e-06  2.123545e-05
-14.548519  -1.303667e-05  1.866426e-05
-14.485811  -2.373744e-05  2.329948e-06
-14.423101  -1.806549e-05  -1.695880e-05
-14.360393  1.030466e-06  -2.575116e-05
-14.297683  2.111213e-05  -1.664731e-05
-14.234974  2.728291e-05  5.056848e-06
-14.172264  1.435558e-05  2.500592e-05
-14.109555  -9.521256e-06  2.826080e-05
-14.046847  -2.872987e-05  1.143930e-05
-13.984138  -2.838258e-05  -1.437585e-05
-13.921429  -7.759654e-06  -3.207994e-05
-13.858719  1.953868e-05  -2.775170e-05
-13.796010  3.489736e-05  -3.229896e-06
-13.733300  2.617243e-05  2.478643e-05
-13.670591  -1.876941e-06  3.717305e-05
-13.607883  -2.987606e-05  2.372751e-05
-13.545174  -3.853565e-05  -7.747539e-06
-13.482465  -2.036362e-05  -3.466919e-05
-13.419755  1.402233e-05  -3.925472e-05
-13.357046  3.927157e-05  -1.610567e-05
-13.294336  3.869157e-05  2.049802e-05
-13.231628  1.075951e-05  4.341499e-05
-13.168920  -2.701312e-05  3.731291e-05
-13.106210  -4.677849e-05  4.538697e-06
-13.043501  -3.476319e-05  -3.359904e-05
-12.980791  2.488490e-06  -4.927554e-05
-12.918082  3.993767e-05  -3.104962e-05
-12.855372  5.077869e-05  1.009963e-05
-12.792665  2.624041e-05  4.598998e-05
-12.729955  -1.812915e-05  5.102429e-05
-12.667246  -5.147100e-05  2.040526e-05
-12.604537  -5.010183e-05  -2.653204e-05
-12.541827  -1.350243e-05  -5.617028e-05
-12.479118  3.501395e-05  -4.778296e-05
-12.416409  6.001202e-05  -5.550072e-06
-12.353701  4.416369e-05  4.315891e-05
-12.290991  -3.362282e-06  6.285598e-05
-12.228282  -5.108249e-05  3.910682e-05
-12.165572  -6.422237e-05  -1.289752e-05
-12.102863  -3.272837e-05  -5.850175e-05
-12.040154  2.288084e-05  -6.429642e-05
-11.977445  6.509447e-05  -2.495754e-05
-11.914737  6.280625e-05  3.309600e-05
-11.852027  1.606385e-05  7.073296e-05
-11.789318  -4.339230e-05  5.970218e-05
-11.726608  -7.516537e-05  5.893930e-06
-11.663899  -5.500337e-05  -5.348975e-05
-11.601190  5.084670e-06  -7.818253e-05
-11.538481  6.322662e-05  -4.835284e-05
-11.475773  7.951158e-05  1.654764e-05
-11.413063  4.030390e-05  7.240280e-05
-11.350354  -2.867783e-05  7.924634e-05
-11.287644  -8.029877e-05  3.055025e-05
-11.224936  -7.709929e-05  -4.137708e-05
-11.162226  -1.949036e-05  -8.691933e-05
-11.099517  5.387016e-05  -7.299777e-05
-11.036809  9.217322e-05  -7.135072e-06
-10.974099  6.691984e-05  6.612632e-05
-10.911390  -6.387986e-06  9.559369e-05
-10.848680  -7.781553e-05  5.884419e-05
-10.785972  -9.711590e-05  -2.074708e-05
-10.723262  -4.872327e-05  -8.854564e-05
-10.660553  3.561133e-05  -9.652735e-05
-10.597845  9.811531e-05  -3.688313e-05
-10.535135  9.370033e-05  5.081760e-05
-10.472426  2.328798e-05  1.060147e-04
-10.409717  -6.600708e-05  8.867790e-05
-10.347008  -1.121952e-04  8.119620e-06
-10.284298  -8.089105e-05  -8.088089e-05
-10.221589  8.276218e-06  -1.161221e-04
-10.158880  9.489910e-05  -7.099368e-05
-10.096170  1.177954e-04  2.579226e-05
-10.033462  5.870739e-05  1.078081e-04
-9.970753  -4.387375e-05  1.169293e-04
-9.908044  -1.191653e-04  4.414758e-05
-9.845335  -1.133955e-04  -6.221037e-05
-9.782625  -2.755710e-05  -1.287687e-04
-9.719916  8.054259e-05  -1.069318e-04
-9.657207  1.360446e-04  -9.183597e-06
-9.594498  9.767210e-05  9.852373e-05
-9.531789  -1.073110e-05  1.407387e-04
-9.469079  -1.154774e-04  8.549410e-05
-9.406371  -1.426685e-04  -3.187034e-05
-9.343661  -7.054797e-05  -1.309922e-04
-9.280952  5.385433e-05  -1.415753e-04
-9.218244  1.447684e-04  -5.282184e-05
-9.155534  1.370864e-04  7.612326e-05
-9.092825  3.270350e-05  1.562830e-04
-9.030115  -9.841436e-05  1.292572e-04
-8.967407  -1.651078e-04  1.035588e-05
-8.904697  -1.179688e-04  -1.201105e-04
-8.841989  1.380934e-05  -1.708369e-04
-8.779280  1.407508e-04  -1.032205e-04
-8.716570  1.731191e-04  3.955575e-05
-8.653861  8.496411e-05  1.596574e-04
-8.591151  -6.634115e-05  1.717872e-04
-8.528442  -1.764570e-04  6.340624e-05
-8.465734  -1.664457e-04  -9.344550e-05
-8.403024  -3.897594e-05  -1.906105e-04
-8.340316  1.206942e-04  -1.569966e-04
-8.277606  2.013575e-04  -1.160194e-05
-8.214897  1.432160e-04  1.471627e-04
-8.152187  -1.801554e-05  2.085017e-04
-8.089478  -1.724582e-04  1.252293e-04
-8.026770  -2.114649e-04  -4.935263e-05
-7.964060  -1.029360e-04  -1.959774e-04
-7.901351  8.205164e-05  -2.098788e-04
-7.838642  2.166352e-04  -7.665341e-05
-7.775933  2.034865e-04  1.156469e-04
-7.713223  4.659014e-05  2.341236e-04
-7.650515  -1.491124e-04  1.920697e-04
-7.587806  -2.477409e-04  1.313382e-05
-7.525096  -1.754220e-04  -1.820253e-04
-7.462388  2.339243e-05  -2.566992e-04
-7.399678  2.133768e-04  -1.534063e-04
-7.336969  2.609575e-04  6.251769e-05
-7.274260  1.259441e-04  2.422493e-04
-7.211551  -1.034155e-04  2.594821e-04
-7.148841  -2.680424e-04  9.399230e-05
-7.086132  -2.520484e-04  -1.455005e-04
-7.023424  -5.687746e-05  -2.902280e-04
-6.960714  1.872602e-04  -2.381648e-04
-6.898005  3.079521e-04  -1.512762e-05
-6.835296  2.176559e-04  2.284304e-04
-6.772587  -3.045049e-05  3.201617e-04
-6.709877  -2.681717e-04  1.904055e-04
-6.647168  -3.259974e-04  -7.930138e-05
-6.584460  -1.567145e-04  -3.052054e-04
-6.521750  1.308137e-04  -3.249375e-04
-6.459041  3.385729e-04  -1.163179e-04
-6.396332  3.164431e-04  1.839649e-04
-6.333623  6.967009e-05  3.672913e-04
-6.270914  -2.377801e-04  2.998403e-04
-6.208204  -3.904794e-04  1.704415e-05
-6.145495  -2.747181e-04  -2.910776e-04
-6.082786  4.069725e-05  -4.069440e-04
-6.020077  3.427826e-04  -2.409449e-04
-5.957368  4.156567e-04  1.032130e-04
-5.894659  1.985655e-04  3.915195e-04
-5.831950  -1.694733e-04  4.155631e-04
-5.769240  -4.361213e-04  1.471601e-04
-5.706532  -4.060590e-04  -2.383650e-04
-5.643822  -8.725309e-05  -4.750710e-04
-5.581113  3.086875e-04  -3.861695e-04
-5.518404  5.072938e-04  -1.934476e-05
-5.455695  3.551488e-04  3.790749e-04
-5.392986  -5.627032e-05  5.309045e-04
-5.330276  -4.486092e-04  3.127511e-04
-5.267568  -5.442959e-04  -1.386138e-04
-5.204858  -2.584072e-04  -5.150989e-04
-5.142149  2.263647e-04  -5.468767e-04
-5.079440  5.770452e-04  -1.918176e-04
-5.016731  5.370017e-04  3.189616e-04
-4.954022  1.133255e-04  6.320510e-04
-4.891313  -4.149529e-04  5.133310e-04
-4.828603  -6.786078e-04  2.286819e-05
-4.765894  -4.748310e-04  -5.124195e-04
-4.703186  7.886981e-05  -7.147682e-04
-4.640476  6.094679e-04  -4.203654e-04
-4.577767  7.383502e-04  1.913627e-04
-4.515058  3.488225e-04  7.043251e-04
-4.452349  -3.135514e-04  7.471985e-04
-4.389640  -7.943014e-04  2.600557e-04
-4.326931  -7.393357e-04  -4.439734e-04
-4.264221  -1.528247e-04  -8.771935e-04
-4.201512  5.814462e-04  -7.122283e-04
-4.138803  9.501327e-04  -2.771069e-05
-4.076094  6.645676e-04  7.243262e-04
-4.013385  -1.165384e-04  1.010005e-03
-3.950676  -8.692076e-04  5.932670e-04
-3.887966  -1.053944e-03  -2.786261e-04
-3.825258  -4.966345e-04  -1.014610e-03
-3.762548  4.584044e-04  -1.078167e-03
-3.699839  1.157348e-03  -3.725791e-04
-3.637130  1.079063e-03  6.553594e-04
-3.574421  2.191308e-04  1.293762e-03
-3.511712  -8.680346e-04  1.052992e-03
-3.449003  -1.420023e-03  3.425984e-05
-3.386293  -9.952797e-04  -1.095025e-03
-3.323584  1.841159e-04  -1.531904e-03
-3.260875  1.334331e-03  -9.012894e-04
-3.198166  1.624192e-03  4.376195e-04
-3.135457  7.656066e-04  1.583621e-03
-3.072748  -7.287536e-04  1.690985e-03
-3.010038  -1.839843e-03  5.824842e-04
-2.947330  -1.725679e-03  -1.059372e-03
-2.884620  -3.450958e-04  -2.099268e-03
-2.821911  1.432045e-03  -1.720102e-03
-2.759202  2.357710e-03  -4.568856e-05
-2.696493  1.664650e-03  1.849372e-03
-2.633784  -3.262319e-04  2.609659e-03
-2.571074  -2.315098e-03  1.547194e-03
-2.508365  -2.848379e-03  -7.823598e-04
-2.445656  -1.352993e-03  -2.833377e-03
-2.382947  1.338547e-03  -3.065198e-03
-2.320238  3.410334e-03  -1.061946e-03
-2.257529  3.248988e-03  2.016692e-03
-2.194820  6.468082e-04  4.054356e-03
-2.132111  -2.845628e-03  3.385164e-03
-2.069402  -4.779393e-03  6.901529e-05
-2.006692  -3.450494e-03  -3.871051e-03
-1.943983  7.281049e-04  -5.603635e-03
-1.881274  5.160586e-03  -3.413399e-03
-1.818565  6.560419e-03  1.836092e-03
-1.755856  3.220260e-03  6.827644e-03
-1.693147  -3.409735e-03  7.706338e-03
-1.630438  -9.074292e-03  2.777504e-03
-1.567728  -9.148254e-03  -5.738369e-03
-1.505019  -1.900747e-03  -1.230155e-02
-1.442310  9.436039e-03  -1.111389e-02
-1.379601  1.743371e-02  -1.690349e-04
-1.316892  1.418800e-02  1.607174e-02
-1.254183  -3.665289e-03  2.718118e-02
-1.191474  -3.119948e-02  2.041980e-02
-1.128764  -5.415676e-02  -1.544046e-02
-1.066055  -4.501396e-02  -9.665284e-02
-1.003346  2.273922e-01  -5.073168e-01
-0.940637  -1.309723e+00  3.939584e-01
-0.877928  1.004293e+00  6.367240e-01
-0.815219  -1.921451e-01  -1.284237e+00
-0.752510  -7.927084e-01  9.246003e-01
-0.689801  1.282802e+00  -6.217365e-03
-0.627091  -8.080456e-01  -9.243208e-01
-0.564382  -1.766496e-01  1.263873e+00
-0.501673  1.034477e+00  -6.699616e-01
-0.438964  -1.222203e+00  -3.547912e-01
-0.376255  5.160295e-01  1.122140e+00
-0.313546  5.253186e-01  -1.156988e+00
-0.250837  -1.185908e+00  3.504765e-01
-0.188127  1.068909e+00  6.849648e-01
-0.125418  -1.771759e-01  -1.224654e+00
-0.062709  -8.306221e-01  9.594395e-01
