-50.000000  -0.005247  0.000000  1.237819
-49.902248  -0.007120  0.062770  1.268846
-49.804497  -0.008932  0.125541  1.237481
-49.706745  -0.010665  0.188311  1.269156
-49.608993  -0.012303  0.251082  1.236419
-49.511241  -0.013830  0.313852  1.269879
-49.413490  -0.015231  0.376623  1.234461
-49.315738  -0.016491  0.439393  1.271280
-49.217986  -0.017599  0.502164  1.231207
-49.120235  -0.018543  0.564934  1.273975
-49.022483  -0.019313  0.627705  1.225678
-48.924731  -0.019901  0.690475  1.279594
-48.826979  -0.020302  0.753246  1.214959
-48.729228  -0.020509  0.816016  1.293940
-48.631476  -0.020522  0.878787  1.185410
-48.533724  -0.020338  0.941557  1.360585
-48.435973  -0.019959  1.004328  0.534004
-48.338221  -0.019387  1.067098  -0.104984
-48.240469  -0.018628  1.129869  0.055453
-48.142717  -0.017687  1.192639  -0.036702
-48.044966  -0.016573  1.255410  0.026982
-47.947214  -0.015296  1.318180  -0.021079
-47.849462  -0.013868  1.380951  0.017132
-47.751711  -0.012301  1.443721  -0.014317
-47.653959  -0.010610  1.506492  0.012215
-47.556207  -0.008810  1.569262  -0.010590
-47.458456  -0.006919  1.632033  0.009300
-47.360704  -0.004954  1.694803  -0.008252
-47.262952  -0.002933  1.757574  0.007386
-47.165200  -0.000876  1.820344  -0.006660
-47.067449  0.001199  1.883115  0.006044
-46.969697  0.003270  1.945885  -0.005515
-46.871945  0.005318  2.008656  0.005057
-46.774194  0.007325  2.071426  -0.004656
-46.676442  0.009269  2.134197  0.004304
-46.578690  0.011134  2.196967  -0.003992
-46.480938  0.012899  2.259738  0.003715
-46.383187  0.014549  2.322508  -0.003466
-46.285435  0.016066  2.385279  0.003242
-46.187683  0.017436  2.448049  -0.003040
-46.089932  0.018645  2.510820  0.002857
-45.992180  0.019680  2.573590  -0.002690
-45.894428  0.020532  2.636361  0.002538
-45.796676  0.021191  2.699131  -0.002398
-45.698925  0.021650  2.761902  0.002270
-45.601173  0.021904  2.824672  -0.002152
-45.503421  0.021949  2.887443  0.002043
-45.405670  0.021785  2.950213  -0.001942
-45.307918  0.021411  3.012984  0.001848
-45.210166  0.020831  3.075754  -0.001761
-45.112414  0.020049  3.138525  0.001680
-45.014663  0.019072  3.201295  -0.001604
-44.916911  0.017908  3.264066  0.001533
-44.819159  0.016568  3.326836  -0.001467
-44.721408  0.015063  3.389607  0.001405
-44.623656  0.013407  3.452377  -0.001346
-44.525904  0.011616  3.515148  0.001291
-44.428152  0.009706  3.577918  -0.001240
-44.330401  0.007695  3.640689  0.001191
-44.232649  0.005601  3.703459  -0.001145
-44.134897  0.003444  3.766230  0.001101
-44.037146  0.001245  3.829000  -0.001060
-43.939394  -0.000976  3.891771  0.001021
-43.841642  -0.003198  3.954541  -0.000984
-43.743891  -0.005399  4.017312  0.000949
-43.646139  -0.007558  4.080082  -0.000916
-43.548387  -0.009654  4.142853  0.000884
-43.450635  -0.011668  4.205623  -0.000854
-43.352884  -0.013579  4.268394  0.000825
-43.255132  -0.015368  4.331164  -0.000797
-43.157380  -0.017019  4.393935  0.000771
-43.059629  -0.018514  4.456705  -0.000746
-42.961877  -0.019839  4.519476  0.000722
-42.864125  -0.020980  4.582246  -0.000699
-42.766373  -0.021926  4.645017  0.000678
-42.668622  -0.022666  4.707787  -0.000657
-42.570870  -0.023193  4.770558  0.000636
-42.473118  -0.023500  4.833328  -0.000617
-42.375367  -0.023583  4.896099  0.000599
-42.277615  -0.023441  4.958869  -0.000581
-42.179863  -0.023075  5.021640  0.000564
-42.082111  -0.022486  5.084410  -0.000548
-41.984360  -0.021678  5.147180  0.000532
-41.886608  -0.020660  5.209951  -0.000517
-41.788856  -0.019439  5.272721  0.000502
-41.691105  -0.018026  5.335492  -0.000488
-41.593353  -0.016435  5.398262  0.000475
-41.495601  -0.014678  5.461033  -0.000462
-41.397849  -0.012773  5.523803  0.000449
-41.300098  -0.010736  5.586574  -0.000437
-41.202346  -0.008587  5.649344  0.000425
-41.104594  -0.006346  5.712115  -0.000414
-41.006843  -0.004033  5.774885  0.000403
-40.909091  -0.001670  5.837656  -0.000393
-40.811339  0.000719  5.900426  0.000382
-40.713587  0.003114  5.963197  -0.000372
-40.615836  0.005490  6.025967  0.000363
-40.518084  0.007825  6.088738  -0.000354
-40.420332  0.010096  6.151508  0.000345
-40.322581  0.012282  6.214279  -0.000336
-40.224829  0.014361  6.277049  0.000328
-40.127077  0.016313  6.339820  -0.000320
-40.029326  0.018118  6.402590  0.000312
-39.931574  0.019758  6.465361  -0.000304
-39.833822  0.021217  6.528131  0.000297
-39.736070  0.022481  6.590902  -0.000289
-39.638319  0.023535  6.653672  0.000283
-39.540567  0.024370  6.716443  -0.000276
-39.442815  0.024975  6.779213  0.000269
-39.345064  0.025344  6.841984  -0.000263
-39.247312  0.025473  6.904754  0.000257
-39.149560  0.025358  6.967525  -0.000251
-39.051808  0.025000  7.030295  0.000245
-38.954057  0.024401  7.093066  -0.000239
-38.856305  0.023566  7.155836  0.000233
-38.758553  0.022500  7.218607  -0.000228
-38.660802  0.021214  7.281377  0.000223
-38.563050  0.019719  7.344148  -0.000218
-38.465298  0.018026  7.406918  0.000213
-38.367546  0.016153  7.469689  -0.000208
-38.269795  0.014116  7.532459  0.000203
-38.172043  0.011933  7.595230  -0.000198
-38.074291  0.009624  7.658000  0.000194
-37.976540  0.007212  7.720771  -0.000190
-37.878788  0.004718  7.783541  0.000185
-37.781036  0.002166  7.846312  -0.000181
-37.683284  -0.000420  7.909082  0.000177
-37.585533  -0.003015  7.971853  -0.000173
-37.487781  -0.005595  8.034623  0.000169
-37.390029  -0.008135  8.097394  -0.000166
-37.292278  -0.010611  8.160164  0.000162
-37.194526  -0.012998  8.222935  -0.000158
-37.096774  -0.015273  8.285705  0.000155
-36.999022  -0.017414  8.348476  -0.000151
-36.901271  -0.019399  8.411246  0.000148
-36.803519  -0.021209  8.474017  -0.000145
-36.705767  -0.022826  8.536787  0.000142
-36.608016  -0.024233  8.599558  -0.000139
-36.510264  -0.025416  8.662328  0.000136
-36.412512  -0.026361  8.725099  -0.000133
-36.314761  -0.027060  8.787869  0.000130
-36.217009  -0.027503  8.850640  -0.000127
-36.119257  -0.027685  8.913410  0.000124
-36.021505  -0.027603  8.976181  -0.000121
-35.923754  -0.027256  9.038951  0.000119
-35.826002  -0.026647  9.101722  -0.000116
-35.728250  -0.025779  9.164492  0.000114
-35.630499  -0.024659  9.227263  -0.000111
-35.532747  -0.023298  9.290033  0.000109
-35.434995  -0.021705  9.352804  -0.000106
-35.337243  -0.019896  9.415574  0.000104
-35.239492  -0.017887  9.478345  -0.000102
-35.141740  -0.015695  9.541115  0.000099
-35.043988  -0.013341  9.603886  -0.000097
-34.946237  -0.010845  9.666656  0.000095
-34.848485  -0.008232  9.729427  -0.000093
-34.750733  -0.005525  9.792197  0.000091
-34.652981  -0.002751  9.854968  -0.000089
-34.555230  0.000066  9.917738  0.000087
-34.457478  0.002898  9.980509  -0.000085
-34.359726  0.005719  10.043279  0.000083
-34.261975  0.008501  10.106050  -0.000081
-34.164223  0.011217  10.168820  0.000080
-34.066471  0.013842  10.231590  -0.000078
-33.968719  0.016349  10.294361  0.000076
-33.870968  0.018714  10.357131  -0.000074
-33.773216  0.020914  10.419902  0.000073
-33.675464  0.022926  10.482672  -0.000071
-33.577713  0.024730  10.545443  0.000069
-33.479961  0.026308  10.608213  -0.000068
-33.382209  0.027644  10.670984  0.000066
-33.284457  0.028722  10.733754  -0.000065
-33.186706  0.029532  10.796525  0.000063
-33.088954  0.030064  10.859295  -0.000062
-32.991202  0.030311  10.922066  0.000060
-32.893451  0.030269  10.984836  -0.000059
-32.795699  0.029937  11.047607  0.000058
-32.697947  0.029317  11.110377  -0.000056
-32.600196  0.028412  11.173148  0.000055
-32.502444  0.027229  11.235918  -0.000054
-32.404692  0.025779  11.298689  0.000052
-32.306940  0.024073  11.361459  -0.000051
-32.209189  0.022126  11.424230  0.000050
-32.111437  0.019955  11.487000  -0.000049
-32.013685  0.017580  11.549771  0.000048
-31.915934  0.015022  11.612541  -0.000046
-31.818182  0.012304  11.675312  0.000045
-31.720430  0.009452  11.738082  -0.000044
-31.622678  0.006492  11.800853  0.000043
-31.524927  0.003451  11.863623  -0.000042
-31.427175  0.000358  11.926394  0.000041
-31.329423  -0.002758  11.989164  -0.000040
-31.231672  -0.005866  12.051935  0.000039
-31.133920  -0.008938  12.114705  -0.000038
-31.036168  -0.011944  12.177476  0.000037
-30.938416  -0.014854  12.240246  -0.000036
-30.840665  -0.017641  12.303017  0.000035
-30.742913  -0.020276  12.365787  -0.000034
-30.645161  -0.022734  12.428558  0.000033
-30.547410  -0.024990  12.491328  -0.000032
-30.449658  -0.027021  12.554099  0.000031
-30.351906  -0.028806  12.616869  -0.000030
-30.254154  -0.030327  12.679640  0.000030
-30.156403  -0.031567  12.742410  -0.000029
-30.058651  -0.032513  12.805181  0.000028
-29.960899  -0.033153  12.867951  -0.000027
-29.863148  -0.033481  12.930722  0.000026
-29.765396  -0.033489  12.993492  -0.000025
-29.667644  -0.033177  13.056263  0.000025
-29.569892  -0.032545  13.119033  -0.000024
-29.472141  -0.031597  13.181804  0.000023
-29.374389  -0.030340  13.244574  -0.000022
-29.276637  -0.028784  13.307345  0.000022
-29.178886  -0.026942  13.370115  -0.000021
-29.081134  -0.024830  13.432886  0.000020
-28.983382  -0.022465  13.495656  -0.000020
-28.885630  -0.019869  13.558427  0.000019
-28.787879  -0.017065  13.621197  -0.000018
-28.690127  -0.014079  13.683968  0.000018
-28.592375  -0.010937  13.746738  -0.000017
-28.494624  -0.007669  13.809509  0.000016
-28.396872  -0.004304  13.872279  -0.000016
-28.299120  -0.000876  13.935050  0.000015
-28.201369  0.002585  13.997820  -0.000015
-28.103617  0.006045  14.060591  0.000014
-28.005865  0.009471  14.123361  -0.000014
-27.908113  0.012831  14.186132  0.000013
-27.810362  0.016091  14.248902  -0.000012
-27.712610  0.019220  14.311673  0.000012
-27.614858  0.022187  14.374443  -0.000011
-27.517107  0.024963  14.437214  0.000011
-27.419355  0.027519  14.499984  -0.000010
-27.321603  0.029830  14.562755  0.000010
-27.223851  0.031871  14.625525  -0.000009
-27.126100  0.033622  14.688296  0.000009
-27.028348  0.035064  14.751066  -0.000008
-26.930596  0.036179  14.813837  0.000008
-26.832845  0.036957  14.876607  -0.000007
-26.735093  0.037385  14.939378  0.000007
-26.637341  0.037459  15.002148  -0.000006
-26.539589  0.037174  15.064919  0.000006
-26.441838  0.036531  15.127689  -0.000006
-26.344086  0.035533  15.190460  0.000005
-26.246334  0.034187  15.253230  -0.000005
-26.148583  0.032504  15.316000  0.000004
-26.050831  0.030496  15.378771  -0.000004
-25.953079  0.028181  15.441541  0.000004
-25.855327  0.025578  15.504312  -0.000003
-25.757576  0.022710  15.567082  0.000003
-25.659824  0.019603  15.629853  -0.000002
-25.562072  0.016284  15.692623  0.000002
-25.464321  0.012784  15.755394  -0.000002
-25.366569  0.009134  15.818164  0.000001
-25.268817  0.005369  15.880935  -0.000001
-25.171065  0.001522  15.943705  0.000001
-25.073314  -0.002369  16.006476  -0.000000
-24.975562  -0.006267  16.069246  -0.000000
-24.877810  -0.010137  16.132017  0.000000
-24.780059  -0.013939  16.194787  -0.000001
-24.682307  -0.017638  16.257558  0.000001
-24.584555  -0.021198  16.320328  -0.000001
-24.486804  -0.024583  16.383099  0.000002
-24.389052  -0.027759  16.445869  -0.000002
-24.291300  -0.030694  16.508640  0.000002
-24.193548  -0.033359  16.571410  -0.000002
-24.095797  -0.035726  16.634181  0.000003
-23.998045  -0.037770  16.696951  -0.000003
-23.900293  -0.039468  16.759722  0.000003
-23.802542  -0.040802  16.822492  -0.000003
-23.704790  -0.041756  16.885263  0.000004
-23.607038  -0.042317  16.948033  -0.000004
-23.509286  -0.042477  17.010804  0.000004
-23.411535  -0.042232  17.073574  -0.000004
-23.313783  -0.041579  17.136345  0.000005
-23.216031  -0.040522  17.199115  -0.000005
-23.118280  -0.039068  17.261886  0.000005
-23.020528  -0.037227  17.324656  -0.000005
-22.922776  -0.035013  17.387427  0.000006
-22.825024  -0.032444  17.450197  -0.000006
-22.727273  -0.029543  17.512968  0.000006
-22.629521  -0.026332  17.575738  -0.000006
-22.531769  -0.022842  17.638509  0.000006
-22.434018  -0.019102  17.701279  -0.000007
-22.336266  -0.015146  17.764050  0.000007
-22.238514  -0.011010  17.826820  -0.000007
-22.140762  -0.006732  17.889591  0.000007
-22.043011  -0.002352  17.952361  -0.000007
-21.945259  0.002090  18.015132  0.000008
-21.847507  0.006552  18.077902  -0.000008
-21.749756  0.010991  18.140673  0.000008
-21.652004  0.015365  18.203443  -0.000008
-21.554252  0.019631  18.266214  0.000008
-21.456500  0.023748  18.328984  -0.000008
-21.358749  0.027674  18.391755  0.000009
-21.260997  0.031371  18.454525  -0.000009
-21.163245  0.034802  18.517296  0.000009
-21.065494  0.037930  18.580066  -0.000009
-20.967742  0.040724  18.642837  0.000009
-20.869990  0.043153  18.705607  -0.000009
-20.772239  0.045191  18.768378  0.000009
-20.674487  0.046815  18.831148  -0.000010
-20.576735  0.048006  18.893919  0.000010
-20.478983  0.048747  18.956689  -0.000010
-20.381232  0.049027  19.019460  0.000010
-20.283480  0.048840  19.082230  -0.000010
-20.185728  0.048183  19.145001  0.000010
-20.087977  0.047056  19.207771  -0.000010
-19.990225  0.045468  19.270542  0.000010
-19.892473  0.043427  19.333312  -0.000010
-19.794721  0.040950  19.396083  0.000011
-19.696970  0.038055  19.458853  -0.000011
-19.599218  0.034766  19.521624  0.000011
-19.501466  0.031111  19.584394  -0.000011
-19.403715  0.027120  19.647165  0.000011
-19.305963  0.022828  19.709935  -0.000011
-19.208211  0.018274  19.772706  0.000011
-19.110459  0.013498  19.835476  -0.000011
-19.012708  0.008543  19.898247  0.000011
-18.914956  0.003455  19.961017  -0.000011
-18.817204  -0.001719  20.023788  0.000011
-18.719453  -0.006931  20.086558  -0.000012
-18.621701  -0.012130  20.149329  0.000012
-18.523949  -0.017269  20.212099  -0.000012
-18.426197  -0.022296  20.274870  0.000012
-18.328446  -0.027162  20.337640  -0.000012
-18.230694  -0.031820  20.400410  0.000012
-18.132942  -0.036223  20.463181  -0.000012
-18.035191  -0.040326  20.525951  0.000012
-17.937439  -0.044087  20.588722  -0.000012
-17.839687  -0.047465  20.651492  0.000012
-17.741935  -0.050425  20.714263  -0.000012
-17.644184  -0.052934  20.777033  0.000012
-17.546432  -0.054962  20.839804  -0.000012
-17.448680  -0.056486  20.902574  0.000012
-17.350929  -0.057484  20.965345  -0.000012
-17.253177  -0.057941  21.028115  0.000012
-17.155425  -0.057848  21.090886  -0.000012
-17.057674  -0.057198  21.153656  0.000012
-16.959922  -0.055991  21.216427  -0.000012
-16.862170  -0.054232  21.279197  0.000012
-16.764418  -0.051932  21.341968  -0.000012
-16.666667  -0.049107  21.404738  0.000012
-16.568915  -0.045776  21.467509  -0.000013
-16.471163  -0.041967  21.530279  0.000013
-16.373412  -0.037708  21.593050  -0.000013
-16.275660  -0.033037  21.655820  0.000013
-16.177908  -0.027991  21.718591  -0.000013
-16.080156  -0.022615  21.781361  0.000013
-15.982405  -0.016957  21.844132  -0.000013
-15.884653  -0.011066  21.906902  0.000013
-15.786901  -0.004995  21.969673  -0.000013
-15.689150  0.001199  22.032443  0.000013
-15.591398  0.007459  22.095214  -0.000013
-15.493646  0.013727  22.157984  0.000013
-15.395894  0.019942  22.220755  -0.000013
-15.298143  0.026045  22.283525  0.000013
-15.200391  0.031977  22.346296  -0.000013
-15.102639  0.037677  22.409066  0.000013
-15.004888  0.043090  22.471837  -0.000013
-14.907136  0.048160  22.534607  0.000013
-14.809384  0.052834  22.597378  -0.000013
-14.711632  0.057063  22.660148  0.000013
-14.613881  0.060799  22.722919  -0.000013
-14.516129  0.064001  22.785689  0.000013
-14.418377  0.066632  22.848460  -0.000013
-14.320626  0.068658  22.911230  0.000012
-14.222874  0.070051  22.974001  -0.000012
-14.125122  0.070791  23.036771  0.000012
-14.027370  0.070860  23.099542  -0.000012
-13.929619  0.070249  23.162312  0.000012
-13.831867  0.068954  23.225083  -0.000012
-13.734115  0.066977  23.287853  0.000012
-13.636364  0.064328  23.350624  -0.000012
-13.538612  0.061022  23.413394  0.000012
-13.440860  0.057081  23.476165  -0.000012
-13.343109  0.052533  23.538935  0.000012
-13.245357  0.047413  23.601706  -0.000012
-13.147605  0.041761  23.664476  0.000012
-13.049853  0.035622  23.727247  -0.000012
-12.952102  0.029048  23.790017  0.000012
-12.854350  0.022095  23.852788  -0.000012
-12.756598  0.014822  23.915558  0.000012
-12.658847  0.007295  23.978329  -0.000012
-12.561095  -0.000420  24.041099  0.000012
-12.463343  -0.008252  24.103870  -0.000012
-12.365591  -0.016128  24.166640  0.000012
-12.267840  -0.023975  24.229411  -0.000012
-12.170088  -0.031716  24.292181  0.000012
-12.072336  -0.039278  24.354952  -0.000012
-11.974585  -0.046586  24.417722  0.000012
-11.876833  -0.053565  24.480493  -0.000012
-11.779081  -0.060144  24.543263  0.000012
-11.681329  -0.066255  24.606034  -0.000011
-11.583578  -0.071830  24.668804  0.000011
-11.485826  -0.076809  24.731575  -0.000011
-11.388074  -0.081134  24.794345  0.000011
-11.290323  -0.084752  24.857116  -0.000011
-11.192571  -0.087617  24.919886  0.000011
-11.094819  -0.089689  24.982657  -0.000011
-10.997067  -0.090933  25.045427  0.000011
-10.899316  -0.091324  25.108198  -0.000011
-10.801564  -0.090842  25.170968  0.000011
-10.703812  -0.089476  25.233739  -0.000011
-10.606061  -0.087223  25.296509  0.000011
-10.508309  -0.084087  25.359280  -0.000011
-10.410557  -0.080082  25.422050  0.000011
-10.312805  -0.075230  25.484820  -0.000011
-10.215054  -0.069559  25.547591  0.000011
-10.117302  -0.063108  25.610361  -0.000010
-10.019550  -0.055923  25.673132  0.000010
-9.921799  -0.048057  25.735902  -0.000010
-9.824047  -0.039571  25.798673  0.000010
-9.726295  -0.030533  25.861443  -0.000010
-9.628543  -0.021017  25.924214  0.000010
-9.530792  -0.011102  25.986984  -0.000010
-9.433040  -0.000876  26.049755  0.000010
-9.335288  0.009573  26.112525  -0.000010
-9.237537  0.020151  26.175296  0.000010
-9.139785  0.030761  26.238066  -0.000010
-9.042033  0.041304  26.300837  0.000010
-8.944282  0.051678  26.363607  -0.000010
-8.846530  0.061782  26.426378  0.000009
-8.748778  0.071516  26.489148  -0.000009
-8.651026  0.080779  26.551919  0.000009
-8.553275  0.089474  26.614689  -0.000009
-8.455523  0.097506  26.677460  0.000009
-8.357771  0.104784  26.740230  -0.000009
-8.260020  0.111222  26.803001  0.000009
-8.162268  0.116739  26.865771  -0.000009
-8.064516  0.121262  26.928542  0.000009
-7.966764  0.124724  26.991312  -0.000009
-7.869013  0.127066  27.054083  0.000009
-7.771261  0.128239  27.116853  -0.000009
-7.673509  0.128202  27.179624  0.000008
-7.575758  0.126924  27.242394  -0.000008
-7.478006  0.124385  27.305165  0.000008
-7.380254  0.120575  27.367935  -0.000008
-7.282502  0.115496  27.430706  0.000008
-7.184751  0.109162  27.493476  -0.000008
-7.086999  0.101596  27.556247  0.000008
-6.989247  0.092834  27.619017  -0.000008
-6.891496  0.082926  27.681788  0.000008
-6.793744  0.071929  27.744558  -0.000008
-6.695992  0.059914  27.807329  0.000008
-6.598240  0.046962  27.870099  -0.000007
-6.500489  0.033166  27.932870  0.000007
-6.402737  0.018628  27.995640  -0.000007
-6.304985  0.003457  28.058411  0.000007
-6.207234  -0.012224  28.121181  -0.000007
-6.109482  -0.028289  28.183952  0.000007
-6.011730  -0.044602  28.246722  -0.000007
-5.913978  -0.061021  28.309493  0.000007
-5.816227  -0.077399  28.372263  -0.000007
-5.718475  -0.093586  28.435034  0.000007
-5.620723  -0.109427  28.497804  -0.000006
-5.522972  -0.124765  28.560575  0.000006
-5.425220  -0.139444  28.623345  -0.000006
-5.327468  -0.153305  28.686116  0.000006
-5.229717  -0.166193  28.748886  -0.000006
-5.131965  -0.177956  28.811657  0.000006
-5.034213  -0.188443  28.874427  -0.000006
-4.936461  -0.197510  28.937198  0.000006
-4.838710  -0.205020  28.999968  -0.000006
-4.740958  -0.210842  29.062739  0.000005
-4.643206  -0.214853  29.125509  -0.000005
-4.545455  -0.216942  29.188280  0.000005
-4.447703  -0.217005  29.251050  -0.000005
-4.349951  -0.214953  29.313821  0.000005
-4.252199  -0.210707  29.376591  -0.000005
-4.154448  -0.204202  29.439362  0.000005
-4.056696  -0.195387  29.502132  -0.000005
-3.958944  -0.184225  29.564903  0.000005
-3.861193  -0.170694  29.627673  -0.000005
-3.763441  -0.154789  29.690444  0.000004
-3.665689  -0.136518  29.753214  -0.000004
-3.567937  -0.115906  29.815985  0.000004
-3.470186  -0.092996  29.878755  -0.000004
-3.372434  -0.067843  29.941526  0.000004
-3.274682  -0.040522  30.004296  -0.000004
-3.176931  -0.011121  30.067067  0.000004
-3.079179  0.020256  30.129837  -0.000004
-2.981427  0.053492  30.192608  0.000004
-2.883675  0.088452  30.255378  -0.000003
-2.785924  0.124992  30.318149  0.000003
-2.688172  0.162952  30.380919  -0.000003
-2.590420  0.202163  30.443690  0.000003
-2.492669  0.242443  30.506460  -0.000003
-2.394917  0.283602  30.569231  0.000003
-2.297165  0.325441  30.632001  -0.000003
-2.199413  0.367753  30.694771  0.000003
-2.101662  0.410327  30.757542  -0.000003
-2.003910  0.452946  30.820312  0.000002
-1.906158  0.495390  30.883083  -0.000002
-1.808407  0.537436  30.945853  0.000002
-1.710655  0.578864  31.008624  -0.000002
-1.612903  0.619450  31.071394  0.000002
-1.515152  0.658978  31.134165  -0.000002
-1.417400  0.697233  31.196935  0.000002
-1.319648  0.734005  31.259706  -0.000002
-1.221896  0.769091  31.322476  0.000001
-1.124145  0.802298  31.385247  -0.000001
-1.026393  0.833440  31.448017  0.000001
-0.928641  0.862343  31.510788  -0.000001
-0.830890  0.888844  31.573558  0.000001
-0.733138  0.912795  31.636329  -0.000001
-0.635386  0.934059  31.699099  0.000001
-0.537634  0.952516  31.761870  -0.000001
-0.439883  0.968061  31.824640  0.000001
-0.342131  0.980605  31.887411  -0.000000
-0.244379  0.990076  31.950181  0.000000
-0.146628  0.996421  32.012952  -0.000000
-0.048876  0.999602  32.075722  0.000000
0.048876  0.999602  -32.138493  0.000000
0.146628  0.996421  -32.075722  0.000000
0.244379  0.990076  -32.012952  -0.000000
0.342131  0.980605  -31.950181  0.000000
0.439883  0.968061  -31.887411  -0.000000
0.537634  0.952516  -31.824640  0.000001
0.635386  0.934059  -31.761870  -0.000001
0.733138  0.912795  -31.699099  0.000001
0.830890  0.888844  -31.636329  -0.000001
0.928641  0.862343  -31.573558  0.000001
1.026393  0.833440  -31.510788  -0.000001
1.124145  0.802298  -31.448017  0.000001
1.221896  0.769091  -31.385247  -0.000001
1.319648  0.734005  -31.322476  0.000001
1.417400  0.697233  -31.259706  -0.000002
1.515152  0.658978  -31.196935  0.000002
1.612903  0.619450  -31.134165  -0.000002
1.710655  0.578864  -31.071394  0.000002
1.808407  0.537436  -31.008624  -0.000002
1.906158  0.495390  -30.945853  0.000002
2.003910  0.452946  -30.883083  -0.000002
2.101662  0.410327  -30.820312  0.000002
2.199413  0.367753  -30.757542  -0.000003
2.297165  0.325441  -30.694771  0.000003
2.394917  0.283602  -30.632001  -0.000003
2.492669  0.242443  -30.569231  0.000003
2.590420  0.202163  -30.506460  -0.000003
2.688172  0.162952  -30.443690  0.000003
2.785924  0.124992  -30.380919  -0.000003
2.883675  0.088452  -30.318149  0.000003
2.981427  0.053492  -30.255378  -0.000003
3.079179  0.020256  -30.192608  0.000004
3.176931  -0.011121  -30.129837  -0.000004
3.274682  -0.040522  -30.067067  0.000004
3.372434  -0.067843  -30.004296  -0.000004
3.470186  -0.092996  -29.941526  0.000004
3.567937  -0.115906  -29.878755  -0.000004
3.665689  -0.136518  -29.815985  0.000004
3.763441  -0.154789  -29.753214  -0.000004
3.861193  -0.170694  -29.690444  0.000004
3.958944  -0.184225  -29.627673  -0.000005
4.056696  -0.195387  -29.564903  0.000005
4.154448  -0.204202  -29.502132  -0.000005
4.252199  -0.210707  -29.439362  0.000005
4.349951  -0.214953  -29.376591  -0.000005
4.447703  -0.217005  -29.313821  0.000005
4.545455  -0.216942  -29.251050  -0.000005
4.643206  -0.214853  -29.188280  0.000005
4.740958  -0.210842  -29.125509  -0.000005
4.838710  -0.205020  -29.062739  0.000005
4.936461  -0.197510  -28.999968  -0.000006
5.034213  -0.188443  -28.937198  0.000006
5.131965  -0.177956  -28.874427  -0.000006
5.229717  -0.166193  -28.811657  0.000006
5.327468  -0.153305  -28.748886  -0.000006
5.425220  -0.139444  -28.686116  0.000006
5.522972  -0.124765  -28.623345  -0.000006
5.620723  -0.109427  -28.560575  0.000006
5.718475  -0.093586  -28.497804  -0.000006
5.816227  -0.077399  -28.435034  0.000007
5.913978  -0.061021  -28.372263  -0.000007
6.011730  -0.044602  -28.309493  0.000007
6.109482  -0.028289  -28.246722  -0.000007
6.207234  -0.012224  -28.183952  0.000007
6.304985  0.003457  -28.121181  -0.000007
6.402737  0.018628  -28.058411  0.000007
6.500489  0.033166  -27.995640  -0.000007
6.598240  0.046962  -27.932870  0.000007
6.695992  0.059914  -27.870099  -0.000007
6.793744  0.071929  -27.807329  0.000008
6.891496  0.082926  -27.744558  -0.000008
6.989247  0.092834  -27.681788  0.000008
7.086999  0.101596  -27.619017  -0.000008
7.184751  0.109162  -27.556247  0.000008
7.282502  0.115496  -27.493476  -0.000008
7.380254  0.120575  -27.430706  0.000008
7.478006  0.124385  -27.367935  -0.000008
7.575758  0.126924  -27.305165  0.000008
7.673509  0.128202  -27.242394  -0.000008
7.771261  0.128239  -27.179624  0.000008
7.869013  0.127066  -27.116853  -0.000009
7.966764  0.124724  -27.054083  0.000009
8.064516  0.121262  -26.991312  -0.000009
8.162268  0.116739  -26.928542  0.000009
8.260020  0.111222  -26.865771  -0.000009
8.357771  0.104784  -26.803001  0.000009
8.455523  0.097506  -26.740230  -0.000009
8.553275  0.089474  -26.677460  0.000009
8.651026  0.080779  -26.614689  -0.000009
8.748778  0.071516  -26.551919  0.000009
8.846530  0.061782  -26.489148  -0.000009
8.944282  0.051678  -26.426378  0.000009
9.042033  0.041304  -26.363607  -0.000010
9.139785  0.030761  -26.300837  0.000010
9.237537  0.020151  -26.238066  -0.000010
9.335288  0.009573  -26.175296  0.000010
9.433040  -0.000876  -26.112525  -0.000010
9.530792  -0.011102  -26.049755  0.000010
9.628543  -0.021017  -25.986984  -0.000010
9.726295  -0.030533  -25.924214  0.000010
9.824047  -0.039571  -25.861443  -0.000010
9.921799  -0.048057  -25.798673  0.000010
10.019550  -0.055923  -25.735902  -0.000010
10.117302  -0.063108  -25.673132  0.000010
10.215054  -0.069559  -25.610361  -0.000010
10.312805  -0.075230  -25.547591  0.000011
10.410557  -0.080082  -25.484820  -0.000011
10.508309  -0.084087  -25.422050  0.000011
10.606061  -0.087223  -25.359280  -0.000011
10.703812  -0.089476  -25.296509  0.000011
10.801564  -0.090842  -25.233739  -0.000011
10.899316  -0.091324  -25.170968  0.000011
10.997067  -0.090933  -25.108198  -0.000011
11.094819  -0.089689  -25.045427  0.000011
11.192571  -0.087617  -24.982657  -0.000011
11.290323  -0.084752  -24.919886  0.000011
11.388074  -0.081134  -24.857116  -0.000011
11.485826  -0.076809  -24.794345  0.000011
11.583578  -0.071830  -24.731575  -0.000011
11.681329  -0.066255  -24.668804  0.000011
11.779081  -0.060144  -24.606034  -0.000011
11.876833  -0.053565  -24.543263  0.000012
11.974585  -0.046586  -24.480493  -0.000012
12.072336  -0.039278  -24.417722  0.000012
12.170088  -0.031716  -24.354952  -0.000012
12.267840  -0.023975  -24.292181  0.000012
12.365591  -0.016128  -24.229411  -0.000012
12.463343  -0.008252  -24.166640  0.000012
12.561095  -0.000420  -24.103870  -0.000012
12.658847  0.007295  -24.041099  0.000012
12.756598  0.014822  -23.978329  -0.000012
12.854350  0.022095  -23.915558  0.000012
12.952102  0.029048  -23.852788  -0.000012
13.049853  0.035622  -23.790017  0.000012
13.147605  0.041761  -23.727247  -0.000012
13.245357  0.047413  -23.664476  0.000012
13.343109  0.052533  -23.601706  -0.000012
13.440860  0.057081  -23.538935  0.000012
13.538612  0.061022  -23.476165  -0.000012
13.636364  0.064328  -23.413394  0.000012
13.734115  0.066977  -23.350624  -0.000012
13.831867  0.068954  -23.287853  0.000012
13.929619  0.070249  -23.225083  -0.000012
14.027370  0.070860  -23.162312  0.000012
14.125122  0.070791  -23.099542  -0.000012
14.222874  0.070051  -23.036771  0.000012
14.320626  0.068658  -22.974001  -0.000012
14.418377  0.066632  -22.911230  0.000012
14.516129  0.064001  -22.848460  -0.000013
14.613881  0.060799  -22.785689  0.000013
14.711632  0.057063  -22.722919  -0.000013
14.809384  0.052834  -22.660148  0.000013
14.907136  0.048160  -22.597378  -0.000013
15.004888  0.043090  -22.534607  0.000013
15.102639  0.037677  -22.471837  -0.000013
15.200391  0.031977  -22.409066  0.000013
15.298143  0.026045  -22.346296  -0.000013
15.395894  0.019942  -22.283525  0.000013
15.493646  0.013727  -22.220755  -0.000013
15.591398  0.007459  -22.157984  0.000013
15.689150  0.001199  -22.095214  -0.000013
15.786901  -0.004995  -22.032443  0.000013
15.884653  -0.011066  -21.969673  -0.000013
15.982405  -0.016957  -21.906902  0.000013
16.080156  -0.022615  -21.844132  -0.000013
16.177908  -0.027991  -21.781361  0.000013
16.275660  -0.033037  -21.718591  -0.000013
16.373412  -0.037708  -21.655820  0.000013
16.471163  -0.041967  -21.593050  -0.000013
16.568915  -0.045776  -21.530279  0.000013
16.666667  -0.049107  -21.467509  -0.000013
16.764418  -0.051932  -21.404738  0.000012
16.862170  -0.054232  -21.341968  -0.000012
16.959922  -0.055991  -21.279197  0.000012
17.057674  -0.057198  -21.216427  -0.000012
17.155425  -0.057848  -21.153656  0.000012
17.253177  -0.057941  -21.090886  -0.000012
17.350929  -0.057484  -21.028115  0.000012
17.448680  -0.056486  -20.965345  -0.000012
17.546432  -0.054962  -20.902574  0.000012
17.644184  -0.052934  -20.839804  -0.000012
17.741935  -0.050425  -20.777033  0.000012
17.839687  -0.047465  -20.714263  -0.000012
17.937439  -0.044087  -20.651492  0.000012
18.035191  -0.040326  -20.588722  -0.000012
18.132942  -0.036223  -20.525951  0.000012
18.230694  -0.031820  -20.463181  -0.000012
18.328446  -0.027162  -20.400410  0.000012
18.426197  -0.022296  -20.337640  -0.000012
18.523949  -0.017269  -20.274870  0.000012
18.621701  -0.012130  -20.212099  -0.000012
18.719453  -0.006931  -20.149329  0.000012
18.817204  -0.001719  -20.086558  -0.000012
18.914956  0.003455  -20.023788  0.000011
19.012708  0.008543  -19.961017  -0.000011
19.110459  0.013498  -19.898247  0.000011
19.208211  0.018274  -19.835476  -0.000011
19.305963  0.022828  -19.772706  0.000011
19.403715  0.027120  -19.709935  -0.000011
19.501466  0.031111  -19.647165  0.000011
19.599218  0.034766  -19.584394  -0.000011
19.696970  0.038055  -19.521624  0.000011
19.794721  0.040950  -19.458853  -0.000011
19.892473  0.043427  -19.396083  0.000011
19.990225  0.045468  -19.333312  -0.000010
20.087977  0.047056  -19.270542  0.000010
20.185728  0.048183  -19.207771  -0.000010
20.283480  0.048840  -19.145001  0.000010
20.381232  0.049027  -19.082230  -0.000010
20.478983  0.048747  -19.019460  0.000010
20.576735  0.048006  -18.956689  -0.000010
20.674487  0.046815  -18.893919  0.000010
20.772239  0.045191  -18.831148  -0.000010
20.869990  0.043153  -18.768378  0.000009
20.967742  0.040724  -18.705607  -0.000009
21.065494  0.037930  -18.642837  0.000009
21.163245  0.034802  -18.580066  -0.000009
21.260997  0.031371  -18.517296  0.000009
21.358749  0.027674  -18.454525  -0.000009
21.456500  0.023748  -18.391755  0.000009
21.554252  0.019631  -18.328984  -0.000008
21.652004  0.015365  -18.266214  0.000008
21.749756  0.010991  -18.203443  -0.000008
21.847507  0.006552  -18.140673  0.000008
21.945259  0.002090  -18.077902  -0.000008
22.043011  -0.002352  -18.015132  0.000008
22.140762  -0.006732  -17.952361  -0.000007
22.238514  -0.011010  -17.889591  0.000007
22.336266  -0.015146  -17.826820  -0.000007
22.434018  -0.019102  -17.764050  0.000007
22.531769  -0.022842  -17.701279  -0.000007
22.629521  -0.026332  -17.638509  0.000006
22.727273  -0.029543  -17.575738  -0.000006
22.825024  -0.032444  -17.512968  0.000006
22.922776  -0.035013  -17.450197  -0.000006
23.020528  -0.037227  -17.387427  0.000006
23.118280  -0.039068  -17.324656  -0.000005
23.216031  -0.040522  -17.261886  0.000005
23.313783  -0.041579  -17.199115  -0.000005
23.411535  -0.042232  -17.136345  0.000005
23.509286  -0.042477  -17.073574  -0.000004
23.607038  -0.042317  -17.010804  0.000004
23.704790  -0.041756  -16.948033  -0.000004
23.802542  -0.040802  -16.885263  0.000004
23.900293  -0.039468  -16.822492  -0.000003
23.998045  -0.037770  -16.759722  0.000003
24.095797  -0.035726  -16.696951  -0.000003
24.193548  -0.033359  -16.634181  0.000003
24.291300  -0.030694  -16.571410  -0.000002
24.389052  -0.027759  -16.508640  0.000002
24.486804  -0.024583  -16.445869  -0.000002
24.584555  -0.021198  -16.383099  0.000002
24.682307  -0.017638  -16.320328  -0.000001
24.780059  -0.013939  -16.257558  0.000001
24.877810  -0.010137  -16.194787  -0.000001
24.975562  -0.006267  -16.132017  0.000000
25.073314  -0.002369  -16.069246  -0.000000
25.171065  0.001522  -16.006476  -0.000000
25.268817  0.005369  -15.943705  0.000001
25.366569  0.009134  -15.880935  -0.000001
25.464321  0.012784  -15.818164  0.000001
25.562072  0.016284  -15.755394  -0.000002
25.659824  0.019603  -15.692623  0.000002
25.757576  0.022710  -15.629853  -0.000002
25.855327  0.025578  -15.567082  0.000003
25.953079  0.028181  -15.504312  -0.000003
26.050831  0.030496  -15.441541  0.000004
26.148583  0.032504  -15.378771  -0.000004
26.246334  0.034187  -15.316000  0.000004
26.344086  0.035533  -15.253230  -0.000005
26.441838  0.036531  -15.190460  0.000005
26.539589  0.037174  -15.127689  -0.000006
26.637341  0.037459  -15.064919  0.000006
26.735093  0.037385  -15.002148  -0.000006
26.832845  0.036957  -14.939378  0.000007
26.930596  0.036179  -14.876607  -0.000007
27.028348  0.035064  -14.813837  0.000008
27.126100  0.033622  -14.751066  -0.000008
27.223851  0.031871  -14.688296  0.000009
27.321603  0.029830  -14.625525  -0.000009
27.419355  0.027519  -14.562755  0.000010
27.517107  0.024963  -14.499984  -0.000010
27.614858  0.022187  -14.437214  0.000011
27.712610  0.019220  -14.374443  -0.000011
27.810362  0.016091  -14.311673  0.000012
27.908113  0.012831  -14.248902  -0.000012
28.005865  0.009471  -14.186132  0.000013
28.103617  0.006045  -14.123361  -0.000014
28.201369  0.002585  -14.060591  0.000014
28.299120  -0.000876  -13.997820  -0.000015
28.396872  -0.004304  -13.935050  0.000015
28.494624  -0.007669  -13.872279  -0.000016
28.592375  -0.010937  -13.809509  0.000016
28.690127  -0.014079  -13.746738  -0.000017
28.787879  -0.017065  -13.683968  0.000018
28.885630  -0.019869  -13.621197  -0.000018
28.983382  -0.022465  -13.558427  0.000019
29.081134  -0.024830  -13.495656  -0.000020
29.178886  -0.026942  -13.432886  0.000020
29.276637  -0.028784  -13.370115  -0.000021
29.374389  -0.030340  -13.307345  0.000022
29.472141  -0.031597  -13.244574  -0.000022
29.569892  -0.032545  -13.181804  0.000023
29.667644  -0.033177  -13.119033  -0.000024
29.765396  -0.033489  -13.056263  0.000025
29.863148  -0.033481  -12.993492  -0.000025
29.960899  -0.033153  -12.930722  0.000026
30.058651  -0.032513  -12.867951  -0.000027
30.156403  -0.031567  -12.805181  0.000028
30.254154  -0.030327  -12.742410  -0.000029
30.351906  -0.028806  -12.679640  0.000030
30.449658  -0.027021  -12.616869  -0.000030
30.547410  -0.024990  -12.554099  0.000031
30.645161  -0.022734  -12.491328  -0.000032
30.742913  -0.020276  -12.428558  0.000033
30.840665  -0.017641  -12.365787  -0.000034
30.938416  -0.014854  -12.303017  0.000035
31.036168  -0.011944  -12.240246  -0.000036
31.133920  -0.008938  -12.177476  0.000037
31.231672  -0.005866  -12.114705  -0.000038
31.329423  -0.002758  -12.051935  0.000039
31.427175  0.000358  -11.989164  -0.000040
31.524927  0.003451  -11.926394  0.000041
31.622678  0.006492  -11.863623  -0.000042
31.720430  0.009452  -11.800853  0.000043
31.818182  0.012304  -11.738082  -0.000044
31.915934  0.015022  -11.675312  0.000045
32.013685  0.017580  -11.612541  -0.000046
32.111437  0.019955  -11.549771  0.000048
32.209189  0.022126  -11.487000  -0.000049
32.306940  0.024073  -11.424230  0.000050
32.404692  0.025779  -11.361459  -0.000051
32.502444  0.027229  -11.298689  0.000052
32.600196  0.028412  -11.235918  -0.000054
32.697947  0.029317  -11.173148  0.000055
32.795699  0.029937  -11.110377  -0.000056
32.893451  0.030269  -11.047607  0.000058
32.991202  0.030311  -10.984836  -0.000059
33.088954  0.030064  -10.922066  0.000060
33.186706  0.029532  -10.859295  -0.000062
33.284457  0.028722  -10.796525  0.000063
33.382209  0.027644  -10.733754  -0.000065
33.479961  0.026308  -10.670984  0.000066
33.577713  0.024730  -10.608213  -0.000068
33.675464  0.022926  -10.545443  0.000069
33.773216  0.020914  -10.482672  -0.000071
33.870968  0.018714  -10.419902  0.000073
33.968719  0.016349  -10.357131  -0.000074
34.066471  0.013842  -10.294361  0.000076
34.164223  0.011217  -10.231590  -0.000078
34.261975  0.008501  -10.168820  0.000080
34.359726  0.005719  -10.106050  -0.000081
34.457478  0.002898  -10.043279  0.000083
34.555230  0.000066  -9.980509  -0.000085
34.652981  -0.002751  -9.917738  0.000087
34.750733  -0.005525  -9.854968  -0.000089
34.848485  -0.008232  -9.792197  0.000091
34.946237  -0.010845  -9.729427  -0.000093
35.043988  -0.013341  -9.666656  0.000095
35.141740  -0.015695  -9.603886  -0.000097
35.239492  -0.017887  -9.541115  0.000099
35.337243  -0.019896  -9.478345  -0.000102
35.434995  -0.021705  -9.415574  0.000104
35.532747  -0.023298  -9.352804  -0.000106
35.630499  -0.024659  -9.290033  0.000109
35.728250  -0.025779  -9.227263  -0.000111
35.826002  -0.026647  -9.164492  0.000114
35.923754  -0.027256  -9.101722  -0.000116
36.021505  -0.027603  -9.038951  0.000119
36.119257  -0.027685  -8.976181  -0.000121
36.217009  -0.027503  -8.913410  0.000124
36.314761  -0.027060  -8.850640  -0.000127
36.412512  -0.026361  -8.787869  0.000130
36.510264  -0.025416  -8.725099  -0.000133
36.608016  -0.024233  -8.662328  0.000136
36.705767  -0.022826  -8.599558  -0.000139
36.803519  -0.021209  -8.536787  0.000142
36.901271  -0.019399  -8.474017  -0.000145
36.999022  -0.017414  -8.411246  0.000148
37.096774  -0.015273  -8.348476  -0.000151
37.194526  -0.012998  -8.285705  0.000155
37.292278  -0.010611  -8.222935  -0.000158
37.390029  -0.008135  -8.160164  0.000162
37.487781  -0.005595  -8.097394  -0.000166
37.585533  -0.003015  -8.034623  0.000169
37.683284  -0.000420  -7.971853  -0.000173
37.781036  0.002166  -7.909082  0.000177
37.878788  0.004718  -7.846312  -0.000181
37.976540  0.007212  -7.783541  0.000185
38.074291  0.009624  -7.720771  -0.000190
38.172043  0.011933  -7.658000  0.000194
38.269795  0.014116  -7.595230  -0.000198
38.367546  0.016153  -7.532459  0.000203
38.465298  0.018026  -7.469689  -0.000208
38.563050  0.019719  -7.406918  0.000213
38.660802  0.021214  -7.344148  -0.000218
38.758553  0.022500  -7.281377  0.000223
38.856305  0.023566  -7.218607  -0.000228
38.954057  0.024401  -7.155836  0.000233
39.051808  0.025000  -7.093066  -0.000239
39.149560  0.025358  -7.030295  0.000245
39.247312  0.025473  -6.967525  -0.000251
39.345064  0.025344  -6.904754  0.000257
39.442815  0.024975  -6.841984  -0.000263
39.540567  0.024370  -6.779213  0.000269
39.638319  0.023535  -6.716443  -0.000276
39.736070  0.022481  -6.653672  0.000283
39.833822  0.021217  -6.590902  -0.000289
39.931574  0.019758  -6.528131  0.000297
40.029326  0.018118  -6.465361  -0.000304
40.127077  0.016313  -6.402590  0.000312
40.224829  0.014361  -6.339820  -0.000320
40.322581  0.012282  -6.277049  0.000328
40.420332  0.010096  -6.214279  -0.000336
40.518084  0.007825  -6.151508  0.000345
40.615836  0.005490  -6.088738  -0.000354
40.713587  0.003114  -6.025967  0.000363
40.811339  0.000719  -5.963197  -0.000372
40.909091  -0.001670  -5.900426  0.000382
41.006843  -0.004033  -5.837656  -0.000393
41.104594  -0.006346  -5.774885  0.000403
41.202346  -0.008587  -5.712115  -0.000414
41.300098  -0.010736  -5.649344  0.000425
41.397849  -0.012773  -5.586574  -0.000437
41.495601  -0.014678  -5.523803  0.000449
41.593353  -0.016435  -5.461033  -0.000462
41.691105  -0.018026  -5.398262  0.000475
41.788856  -0.019439  -5.335492  -0.000488
41.886608  -0.020660  -5.272721  0.000502
41.984360  -0.021678  -5.209951  -0.000517
42.082111  -0.022486  -5.147180  0.000532
42.179863  -0.023075  -5.084410  -0.000548
42.277615  -0.023441  -5.021640  0.000564
42.375367  -0.023583  -4.958869  -0.000581
42.473118  -0.023500  -4.896099  0.000599
42.570870  -0.023193  -4.833328  -0.000617
42.668622  -0.022666  -4.770558  0.000636
42.766373  -0.021926  -4.707787  -0.000657
42.864125  -0.020980  -4.645017  0.000678
42.961877  -0.019839  -4.582246  -0.000699
43.059629  -0.018514  -4.519476  0.000722
43.157380  -0.017019  -4.456705  -0.000746
43.255132  -0.015368  -4.393935  0.000771
43.352884  -0.013579  -4.331164  -0.000797
43.450635  -0.011668  -4.268394  0.000825
43.548387  -0.009654  -4.205623  -0.000854
43.646139  -0.007558  -4.142853  0.000884
43.743891  -0.005399  -4.080082  -0.000916
43.841642  -0.003198  -4.017312  0.000949
43.939394  -0.000976  -3.954541  -0.000984
44.037146  0.001245  -3.891771  0.001021
44.134897  0.003444  -3.829000  -0.001060
44.232649  0.005601  -3.766230  0.001101
44.330401  0.007695  -3.703459  -0.001145
44.428152  0.009706  -3.640689  0.001191
44.525904  0.011616  -3.577918  -0.001240
44.623656  0.013407  -3.515148  0.001291
44.721408  0.015063  -3.452377  -0.001346
44.819159  0.016568  -3.389607  0.001405
44.916911  0.017908  -3.326836  -0.001467
45.014663  0.019072  -3.264066  0.001533
45.112414  0.020049  -3.201295  -0.001604
45.210166  0.020831  -3.138525  0.001680
45.307918  0.021411  -3.075754  -0.001761
45.405670  0.021785  -3.012984  0.001848
45.503421  0.021949  -2.950213  -0.001942
45.601173  0.021904  -2.887443  0.002043
45.698925  0.021650  -2.824672  -0.002152
45.796676  0.021191  -2.761902  0.002270
45.894428  0.020532  -2.699131  -0.002398
45.992180  0.019680  -2.636361  0.002538
46.089932  0.018645  -2.573590  -0.002690
46.187683  0.017436  -2.510820  0.002857
46.285435  0.016066  -2.448049  -0.003040
46.383187  0.014549  -2.385279  0.003242
46.480938  0.012899  -2.322508  -0.003466
46.578690  0.011134  -2.259738  0.003715
46.676442  0.009269  -2.196967  -0.003992
46.774194  0.007325  -2.134197  0.004304
46.871945  0.005318  -2.071426  -0.004656
46.969697  0.003270  -2.008656  0.005057
47.067449  0.001199  -1.945885  -0.005515
47.165200  -0.000876  -1.883115  0.006044
47.262952  -0.002933  -1.820344  -0.006660
47.360704  -0.004954  -1.757574  0.007386
47.458456  -0.006919  -1.694803  -0.008252
47.556207  -0.008810  -1.632033  0.009300
47.653959  -0.010610  -1.569262  -0.010590
47.751711  -0.012301  -1.506492  0.012215
47.849462  -0.013868  -1.443721  -0.014317
47.947214  -0.015296  -1.380951  0.017132
48.044966  -0.016573  -1.318180  -0.021079
48.142717  -0.017687  -1.255410  0.026982
48.240469  -0.018628  -1.192639  -0.036702
48.338221  -0.019387  -1.129869  0.055453
48.435973  -0.019959  -1.067098  -0.104984
48.533724  -0.020338  -1.004328  0.534004
48.631476  -0.020522  -0.941557  1.360585
48.729228  -0.020509  -0.878787  1.185410
48.826979  -0.020302  -0.816016  1.293940
48.924731  -0.019901  -0.753246  1.214959
49.022483  -0.019313  -0.690475  1.279594
49.120235  -0.018543  -0.627705  1.225678
49.217986  -0.017599  -0.564934  1.273975
49.315738  -0.016491  -0.502164  1.231207
49.413490  -0.015231  -0.439393  1.271280
49.511241  -0.013830  -0.376623  1.234461
49.608993  -0.012303  -0.313852  1.269879
49.706745  -0.010665  -0.251082  1.236419
49.804497  -0.008932  -0.188311  1.269156
49.902248  -0.007120  -0.125541  1.237481
50.000000  -0.005247  -0.062770  1.268846
