0.000000  7.071068e-01  0.000000e+00
0.608684  -6.007063e-01  -2.336687e-01
1.217367  3.598610e-01  3.298797e-01
1.826051  -1.358004e-01  -2.755772e-01
2.434734  1.393936e-02  1.600394e-01
3.043418  1.956394e-02  -6.699848e-02
3.652102  -1.535048e-02  1.998112e-02
4.260786  6.464160e-03  -3.916415e-03
4.869469  -1.855362e-03  3.256541e-04
5.478152  3.825272e-04  7.645284e-05
6.086836  -5.655865e-05  -3.612944e-05
6.695520  5.655309e-06  7.747770e-06
7.304203  -3.014872e-07  -1.111216e-06
7.912887  1.129006e-08  1.418285e-07
8.521571  -2.369670e-08  -5.863342e-08
9.130254  2.482884e-08  6.133350e-08
-9.738937  -2.295649e-08  6.337708e-08
-9.130254  2.482884e-08  -6.133350e-08
-8.521571  -2.369670e-08  5.863342e-08
-7.912887  1.129006e-08  -1.418285e-07
-7.304203  -3.014872e-07  1.111216e-06
-6.695520  5.655309e-06  -7.747770e-06
-6.086836  -5.655865e-05  3.612944e-05
-5.478152  3.825272e-04  -7.645284e-05
-4.869469  -1.855362e-03  -3.256541e-04
-4.260786  6.464160e-03  3.916415e-03
-3.652102  -1.535048e-02  -1.998112e-02
-3.043418  1.956394e-02  6.699848e-02
-2.434734  1.393936e-02  -1.600394e-01
-1.826051  -1.358004e-01  2.755772e-01
-1.217367  3.598610e-01  -3.298797e-01
-0.608684  -6.007063e-01  2.336687e-01
